../error/correct.fa_14_0_nodes_new_update.txt
========
bool:78
01001110
01001110
01001110
00000000
00000000
00000000
========
bool:78
01001110
11111111
01001110
00000000
00000000
00000000
========
bool:78
01001110
01001110
01001110
00000000
00000000
00000000
========
bool:78
01001110
01001110
01001110
00000000
00000000
00000000
========
bool:78
01001110
01001110
01001110
00000000
00000000
00000000
========
bool:78
01001110
01001110
01001110
00000000
00000000
00000000
========
bool:78
01001110
01001110
01001110
00000000
00000000
00000000
========
bool:78
01001110
01001110
01001110
00000000
00000000
00000000
========
bool:78
01001110
01001110
01001110
00000000
00000000
00000000
========
bool:78
01001110
01001110
01001110
00000000
00000000
00000000
========
bool:78
01001110
01001110
01001110
00000000
00000000
00000000
========
bool:78
01001110
01001110
01001110
00000000
00000000
00000000
========
bool:78
01001110
01001110
01001110
00000000
00000000
00000000
========
bool:78
01001110
01001110
01001110
00000000
00000000
00000000
========
bool:78
01001110
01001110
01001110
00000000
00000000
00000000
========
bool:78
01001110
01001110
01001110
00000000
00000000
00000000
========
bool:78
01001110
01001110
01001110
00000000
00000000
00000000
========
bool:78
01001110
01001110
01001110
00000000
00000000
00000000
========
bool:78
01001110
01001110
01001110
00000000
00000000
00000000
========
bool:78
01001110
01001110
01001110
00000000
00000000
00000000
========
bool:78
01001110
01001110
01001110
00000000
00000000
00000000
========
bool:78
01001110
01001110
01001110
00000000
00000000
00000000
========
bool:78
01001110
01001110
01001110
00000000
00000000
00000000
========
bool:78
01001110
01001110
01001110
00000000
00000000
00000000
========
bool:78
01001110
01001110
01001110
00000000
00000000
00000000
========
bool:78
01001110
01001110
01001110
00000000
00000000
00000000
========
bool:78
01001110
01001110
01001110
00000000
00000000
00000000
========
bool:78
01001110
01001110
01001110
00000000
00000000
00000000
========
bool:78
01001110
01001110
01001110
00000000
00000000
00000000
========
bool:78
01001110
01001110
01001110
00000000
00000000
00000000
========
bool:78
01001110
01001110
01001110
00000000
00000000
00000000
========
bool:65
01001110
01001110
01001110
00000000
00000000
00000000
========
bool:67
01000001
01001110
01001110
00000000
00000000
00000000
========
bool:65
01000011
01000001
01001110
00000000
00000000
00000000
========
bool:67
01000001
01000011
01000001
00000000
00000000
00000000
========
bool:65
01000011
01000001
01000011
00000000
00000000
00000000
========
bool:67
01000001
01000011
01000001
00000000
00000000
00000000
========
bool:65
01000011
01000001
01000011
00000000
00000000
00000000
